position_in_genone	read_count_3pr
105 1
113 1
121 1
126 1
128 1
161 1
258 1
272 1
298 1
336 1
568 1
628 2
775 1
776 3
815 2
839 1
883 2
889 2
914 1
918 2
919 1
920 6
921 8
922 10
923 72
924 1504
925 587
926 89
927 47
928 47
929 62
930 66
931 23
932 21
933 20
934 13
935 23
936 12
937 6
938 12
939 4
940 16
941 64
942 41
943 34
944 109
945 136
946 194
947 157
948 386
949 598
950 140
951 211
952 194
953 49
954 27
955 117
956 113
957 21
958 8
959 22
960 25
961 4
962 25
963 23
964 19
965 22
966 119
967 159
968 96
969 51
970 48
971 225
972 50
973 68
974 112
975 52
976 87
977 143
978 54
979 49
980 25
981 38
982 24
983 29
984 20
985 17
986 57
987 96
988 89
989 86
990 112
991 66
992 39
993 32
994 28
995 16
996 20
997 1
998 6
999 13
1000 6
1001 40
1002 34
1003 74
1004 54
1005 157
1006 75
1007 68
1008 40
1009 71
1010 25
1011 47
1012 65
1013 72
1014 101
1015 85
1016 70
1017 272
1018 62
1019 95
1020 179
1021 205
1022 295
1023 129
1024 175
1025 135
1026 180
1027 203
1028 127
1029 35
1030 29
1031 14
1032 9
1033 19
1034 26
1035 25
1036 16
1037 16
1038 8
1039 19
1040 15
1041 14
1042 17
1043 6
1044 37
1045 26
1046 17
1047 9
1048 8
1049 10
1050 21
1051 28
1052 35
1053 56
1054 25
1055 38
1056 12
1057 14
1058 23
1059 22
1060 3
1061 14
1062 10
1063 26
1064 11
1065 25
1066 16
1067 19
1068 17
1069 18
1070 29
1071 22
1072 18
1073 7
1074 19
1075 31
1076 32
1077 120
1078 252
1079 157
1080 60
1081 17
1082 14
1083 5
1084 8
1085 4
1086 2
1087 5
1088 1
1089 11
1090 9
1091 24
1092 29
1093 12
1094 3
1095 20
1096 16
1097 12
1098 12
1099 18
1100 9
1101 4
1102 5
1103 22
1104 18
1105 4
1106 17
1107 7
1108 20
1109 7
1110 4
1111 14
1112 20
1113 15
1114 10
1115 14
1116 19
1117 6
1118 5
1119 2
1120 4
1121 7
1122 4
1123 1
1124 9
1125 7
1126 13
1127 24
1128 5
1129 4
1130 24
1131 7
1132 17
1133 5
1134 31
1135 47
1136 125
1137 205
1138 246
1139 268
1140 232
1141 252
1142 208
1143 335
1144 532
1145 329
1146 186
1147 581
1148 547
1149 335
1150 532
1151 423
1152 366
1153 263
1154 454
1155 180
1156 211
1157 84
1158 134
1159 59
1160 38
1161 68
1162 76
1163 70
1164 68
1165 152
1166 636
1167 126
1168 117
1169 128
1170 177
1171 329
1172 205
1173 66
1174 92
1175 125
1176 28
1177 99
1178 323
1179 322
1180 1310
1181 193
1182 282
1183 119
1184 141
1185 168
1186 59
1187 130
1188 46
1189 28
1190 11
1191 11
1192 78
1193 30
1194 53
1195 48
1196 15
1197 31
1198 10
1199 42
1200 56
1201 62
1202 59
1203 34
1204 81
1205 122
1206 276
1207 125
1208 159
1209 53
1210 44
1211 20
1212 36
1213 40
1214 22
1215 24
1216 33
1217 14
1218 20
1219 20
1220 32
1221 45
1222 15
1223 50
1224 9
1225 4
1226 2
1227 17
1228 13
1229 3
1230 7
1231 16
1232 6
1233 9
1234 5
1235 5
1236 41
1237 10
1238 56
1239 35
1240 12
1241 24
1242 33
1243 58
1244 123
1245 65
1246 104
1247 79
1248 172
1249 37
1250 363
1251 828
1252 119
1253 139
1254 43
1255 22
1256 16
1257 20
1258 11
1259 9
1260 47
1261 5
1262 4
1263 4
1265 3
1266 6
1267 20
1268 8
1269 14
1270 14
1271 34
1272 150
1273 114
1274 12
1275 25
1276 21
1277 22
1278 8
1279 4
1280 4
1281 37
1282 14
1283 7
1284 9
1285 3
1286 6
1287 3
1288 3
1289 9
1290 13
1291 3
1292 27
1293 23
1294 4
1295 11
1296 1
1297 17
1298 4
1299 14
1300 6
1301 6
1302 4
1303 1
1304 1
1305 3
1306 3
1307 5
1308 2
1309 9
1310 21
1311 8
1312 32
1313 24
1314 21
1315 6
1316 14
1317 2
1318 13
1319 3
1320 2
1321 1
1322 11
1323 8
1324 15
1325 4
1326 6
1327 6
1328 4
1329 2
1330 1
1331 4
1332 3
1334 1
1335 9
1336 2
1338 1
1339 8
1340 2
1341 3
1342 9
1343 18
1344 7
1345 1
1346 5
1347 9
1348 5
1349 3
1350 6
1351 7
1352 2
1353 4
1355 2
1356 1
1357 12
1360 19
1361 2
1363 1
1364 4
1365 3
1366 10
1367 23
1368 20
1369 9
1371 3
1373 1
1374 1
1375 8
1376 3
1377 1
1378 16
1379 6
1380 4
1381 9
1382 13
1383 9
1384 10
1386 8
1387 16
1388 3
1389 14
1390 4
1391 7
1393 1
1394 1
1395 7
1396 2
1400 11
1401 4
1402 8
1403 6
1404 3
1405 2
1407 14
1408 9
1409 6
1410 5
1411 10
1414 12
1415 2
1417 3
1418 11
1419 107
1420 288
1421 44
1422 101
1423 13
1424 3
1425 11
1426 34
1427 6
1428 1
1429 2
1430 5
1431 10
1432 1
1434 1
1436 1
1438 2
1439 1
1444 1
1445 1
1447 2
1449 1
1450 2
1457 1
1458 1
1462 1
1463 14
1464 1
1467 1
1468 2
1469 1
1471 8
1473 1
1475 1
1476 1
1478 14
1479 32
1480 99
1481 147
1482 56
1483 62
1484 31
1485 13
1486 6
1487 11
1488 13
1489 13
1490 252
1491 62
1492 17
1493 45
1494 10
1495 4
1496 10
1497 5
1498 16
1499 10
1500 3
1501 3
1502 21
1503 8
1504 5
1506 9
1507 10
1508 7
1509 3
1510 22
1511 4
1512 2
1513 16
1514 10
1515 8
1516 3
1517 3
1518 4
1519 8
1520 18
1521 6
1522 13
1523 11
1524 10
1525 9
1526 32
1528 32
1530 39
1531 48
1532 30
1533 14
1534 41
1535 25
1536 15
1537 35
1538 29
1539 120
1540 1108
1541 1309
1542 523
1543 932
1544 618
1545 165
1546 146
1547 88
1548 274
1549 420
1550 17
1551 26
1552 37
1553 18
1554 44
1555 20
1556 27
1557 5
1558 1
1559 3
1560 14
1561 5
1562 6
1563 1
1564 1
1565 1
1566 1
1567 5
1568 10
1569 6
1570 8
1571 5
1572 4
1573 5
1574 5
1575 1
1576 12
1578 17
1579 5
1580 2
1581 5
1582 13
1583 7
1584 13
1585 6
1586 13
1587 10
1588 1
1589 3
1590 10
1592 41
1593 4
1594 2
1595 3
1597 5
1598 1
1599 1
1600 4
1601 2
1602 1
1604 6
1605 3
1606 2
1607 2
1608 5
1609 4
1610 3
1611 1
1612 2
1613 2
1615 2
1617 1
1618 1
1619 3
1620 16
1621 27
1622 55
1623 26
1624 12
1625 20
1626 4
1627 18
1628 24
1629 13
1630 26
1631 5
1632 3
1633 5
1634 3
1635 5
1636 4
1637 4
1638 3
1639 3
1640 1
1641 5
1642 5
1643 53
1644 35
1645 27
1646 11
1647 4
1648 7
1649 2
1651 2
1652 3
1653 6
1654 6
1655 4
1656 1
1658 2
1659 1
1660 3
1661 3
1662 5
1663 4
1664 2
1665 2
1666 7
1667 6
1668 6
1669 4
1670 10
1671 7
1672 22
1673 6
1674 10
1675 12
1676 32
1677 5
1678 21
1679 24
1680 6
1681 92
1682 90
1683 62
1684 166
1685 170
1686 34
1687 612
1688 3905
1689 978
1690 1176
1691 749
1692 962
1693 1845
1694 388
1695 1010
1696 361
1697 357
1698 365
1699 142
1700 636
1701 14
1702 1019
1703 236
1704 119
1705 189
1706 422
1707 182
1708 58
1709 91
1710 97
1711 111
1712 89
1713 139
1714 155
1715 397
1716 96
1717 81
1718 313
1719 99
1720 155
1721 81
1722 62
1723 54
1724 41
1725 59
1726 151
1727 45
1728 231
1729 136
1730 65
1731 183
1732 107
1733 72
1734 121
1735 589
1736 289
1737 167
1738 86
1739 3
1740 1
1741 7
1742 1
1743 10
1744 3
1745 5
1746 17
1747 9
1748 44
1749 24
1750 29
1751 117
1752 54
1753 58
1754 21
1755 3
1756 1
1757 7
1758 1
1759 3
1760 15
1761 6
1762 7
1763 12
1764 12
1765 6
1766 1
1767 4
1768 15
1769 5
1770 2
1772 4
1773 5
1774 4
1775 6
1776 5
1777 10
1778 11
1779 29
1780 119
1781 241
1782 54
1783 42
1784 42
1785 61
1786 30
1787 20
1788 33
1789 38
1790 17
1791 18
1792 19
1793 4
1794 36
1795 8
1796 24
1797 19
1798 29
1799 46
1800 19
1801 6
1802 33
1803 10
1804 12
1805 40
1806 17
1807 4
1808 42
1809 12
1810 6
1811 10
1812 16
1813 16
1814 7
1815 7
1816 6
1817 5
1818 3
1819 11
1820 8
1821 5
1822 8
1823 10
1824 14
1825 2
1826 3
1827 13
1828 19
1829 5
1830 22
1831 19
1832 8
1833 49
1834 29
1835 27
1836 20
1837 34
1838 58
1839 26
1840 36
1841 90
1842 52
1843 27
1844 39
1845 33
1846 23
1847 82
1848 36
1849 34
1850 76
1851 47
1852 72
1853 135
1854 54
1855 10
1856 44
1857 51
1858 19
1859 12
1860 73
1861 36
1862 52
1863 157
1864 78
1865 47
1866 192
1867 81
1868 76
1869 43
1870 39
1871 34
1872 27
1873 14
1874 38
1875 14
1876 40
1877 5
1878 29
1879 9
1880 37
1881 21
1882 16
1883 22
1884 47
1885 17
1886 48
1887 33
1888 32
1889 46
1890 26
1891 39
1892 78
1893 57
1894 65
1895 138
1896 88
1897 50
1898 123
1899 2
1900 44
1901 13
1902 61
1903 3
1904 17
1905 36
1906 38
1907 51
1908 191
1909 87
1910 100
1911 60
1912 66
1913 87
1914 39
1915 18
1916 6
1917 182
1918 118
1919 99
1920 621
1921 263
1922 205
1923 255
1924 113
1925 125
1926 112
1927 32
1928 49
1929 13
1930 9
1931 32
1932 32
1933 5
1934 12
1935 63
1936 27
1937 52
1938 51
1939 94
1940 49
1941 42
1942 50
1943 24
1944 44
1945 36
1946 44
1947 61
1948 101
1949 577
1950 590
1951 242
1952 102
1953 30
1954 96
1955 80
1956 122
1957 84
1958 127
1959 42
1960 40
1961 23
1962 8
1963 10
1964 18
1965 64
1966 54
1967 22
1968 38
1969 34
1970 83
1971 8
1972 23
1973 10
1974 29
1975 18
1976 18
1977 17
1978 11
1979 6
1980 11
1981 5
1982 10
1984 9
1985 5
1986 21
1987 11
1988 8
1989 20
1990 13
1991 1
1992 9
1993 13
1994 5
1995 6
1996 6
1997 5
1998 4
1999 2
2000 7
2001 8
2002 9
2003 4
2004 4
2005 6
2006 1
2007 2
2008 2
2009 7
2010 3
2011 2
2012 6
2013 2
2014 5
2015 1
2016 9
2017 1
2018 2
2019 14
2020 7
2021 3
2022 7
2023 21
2024 70
2025 56
2026 12
2027 46
2028 16
2029 2
2030 8
2031 5
2033 22
2034 16
2035 27
2036 17
2037 6
2038 41
2039 1
2040 2
2041 25
2042 22
2043 27
2044 39
2045 45
2046 35
2047 63
2048 185
2049 77
2050 37
2051 29
2052 76
2053 30
2055 11
2056 6
2057 8
2058 21
2059 30
2060 19
2061 10
2062 2
2063 22
2064 1
2065 26
2066 21
2067 20
2068 16
2069 7
2070 4
2071 2
2072 13
2073 4
2075 14
2076 1
2077 3
2078 6
2079 3
2080 6
2081 2
2082 8
2083 7
2084 1
2085 31
2086 5
2087 9
2088 8
2089 16
2090 13
2091 10
2092 8
2093 20
2094 8
2095 9
2096 6
2097 14
2098 10
2099 23
2100 1
2101 37
2102 112
2103 61
2104 295
2105 149
2106 83
2107 26
2108 78
2109 25
2110 58
2111 22
2112 30
2113 46
2114 32
2115 7
2116 21
2117 6
2118 6
2119 3
2120 7
2121 9
2122 4
2123 10
2124 3
2126 2
2127 2
2128 6
2129 1
2131 1
2133 1
2135 2
2136 2
2138 5
2139 3
2140 3
2141 7
2142 6
2143 7
2144 4
2145 1
2146 3
2147 5
2148 1
2149 3
2150 3
2151 5
2152 22
2153 16
2154 22
2155 21
2156 9
2157 21
2158 5
2159 3
2160 12
2161 5
2162 10
2163 5
2164 34
2166 2
2168 1
2169 31
2170 6
2171 2
2172 4
2173 6
2174 34
2175 7
2176 16
2177 25
2178 18
2179 176
2180 323
2181 1055
2182 1205
2183 201
2184 249
2185 254
2186 1021
2187 88
2188 209
2189 311
2190 699
2191 62
2192 71
2193 70
2194 46
2195 79
2196 75
2197 64
2198 104
2199 128
2200 130
2201 115
2202 130
2203 45
2204 101
2205 96
2206 74
2207 79
2208 74
2209 171
2210 211
2211 56
2212 78
2213 17
2214 34
2215 70
2216 20
2217 38
2218 38
2219 50
2220 15
2221 438
2222 111
2223 9
2224 6
2225 8
2226 10
2227 9
2228 30
2229 22
2230 17
2231 104
2232 116
2233 68
2234 26
2235 34
2236 10
2237 7
2238 10
2239 20
2240 27
2241 2
2242 39
2243 23
2244 8
2245 46
2246 68
2247 60
2248 25
2249 13
2250 28
2251 22
2252 26
2253 27
2254 151
2255 182
2256 368
2257 408
2258 39
2259 90
2260 77
2261 95
2262 46
2263 41
2264 172
2265 165
2266 620
2267 247
2268 69
2269 114
2270 268
2271 19
2272 49
2273 32
2274 75
2275 63
2276 118
2277 34
2278 30
2279 57
2280 146
2281 456
2282 304
2283 32
2284 149
2285 59
2286 144
2287 129
2288 47
2289 118
2290 213
2291 38
2292 139
2293 144
2294 49
2295 88
2296 69
2297 511
2298 114
2299 178
2300 102
2301 293
2302 249
2303 70
2304 205
2305 233
2306 201
2307 208
2308 55
2309 86
2310 309
2311 578
2312 136
2313 235
2314 947
2315 212
2316 752
2317 97
2318 132
2319 271
2320 269
2321 539
2322 240
2323 421
2324 388
2325 70
2326 179
2327 179
2328 312
2329 103
2330 222
2331 235
2332 153
2333 71
2334 258
2335 92
2336 472
2337 152
2338 240
2339 121
2340 271
2341 66
2342 23
2343 50
2344 33
2345 91
2346 19
2347 45
2348 42
2349 152
2350 202
2351 50
2352 191
2353 121
2354 192
2355 545
2356 296
2357 158
2358 410
2359 376
2360 53
2361 47
2362 82
2363 49
2364 23
2365 62
2366 26
2367 31
2368 23
2369 52
2370 104
2371 45
2372 42
2373 58
2374 9
2375 9
2376 52
2377 52
2378 53
2379 72
2380 60
2381 65
2382 60
2383 77
2384 38
2385 27
2386 35
2387 10
2388 7
2389 44
2390 13
2391 22
2392 23
2393 6
2394 31
2395 29
2396 33
2397 46
2398 27
2399 17
2400 18
2401 18
2402 150
2403 53
2404 21
2405 34
2406 59
2407 69
2408 54
2409 135
2410 134
2411 126
2412 136
2413 153
2414 114
2415 90
2416 61
2417 13
2418 117
2419 29
2420 18
2421 12
2422 25
2423 27
2424 5
2425 3
2426 23
2427 3
2428 6
2429 6
2430 4
2431 21
2432 5
2433 33
2434 49
2435 46
2436 77
2437 63
2438 106
2439 65
2440 49
2441 49
2442 159
2443 65
2444 57
2445 310
2446 119
2447 65
2448 76
2449 94
2450 118
2451 118
2452 572
2453 111
2454 124
2455 254
2456 149
2457 440
2458 319
2459 206
2460 266
2461 43
2462 14
2463 36
2464 31
2465 20
2466 21
2467 16
2468 28
2469 32
2470 3
2471 14
2472 160
2473 37
2474 24
2475 27
2476 27
2477 7
2478 5
2479 23
2480 182
2481 19
2482 18
2483 52
2484 19
2485 8
2486 29
2487 13
2488 24
2489 7
2490 10
2491 13
2492 11
2493 31
2494 11
2495 6
2496 16
2497 8
2498 22
2499 12
2500 7
2501 11
2502 10
2503 10
2504 22
2505 56
2506 55
2507 56
2508 70
2509 93
2510 48
2511 31
2512 50
2513 68
2514 10
2515 24
2516 8
2517 20
2518 14
2519 18
2520 10
2521 49
2522 150
2523 268
2524 417
2525 88
2526 120
2527 296
2528 111
2529 69
2530 11
2531 9
2532 19
2533 24
2534 7
2535 14
2536 8
2537 7
2538 6
2539 8
2540 2
2541 7
2542 2
2543 9
2544 2
2545 7
2546 10
2547 6
2548 5
2549 3
2550 2
2551 3
2552 6
2553 8
2554 4
2555 13
2556 7
2557 22
2558 280
2559 467
2560 93
2561 90
2562 12
2563 14
2564 7
2565 16
2566 13
2567 24
2569 18
2570 3
2571 3
2572 7
2573 10
2574 11
2575 18
2576 5
2577 7
2578 3
2579 13
2580 12
2581 9
2582 38
2583 29
2584 13
2585 7
2586 7
2587 12
2588 11
2589 5
2590 39
2591 20
2592 38
2593 20
2594 138
2595 9
2596 8
2597 36
2598 32
2599 42
2600 35
2601 95
2602 201
2603 139
2604 95
2605 446
2606 380
2607 382
2608 144
2609 274
2610 103
2611 25
2612 18
2613 18
2614 32
2615 62
2616 29
2617 26
2618 32
2619 49
2620 8
2621 9
2622 34
2623 15
2624 51
2625 55
2626 31
2627 71
2628 32
2629 29
2630 40
2631 30
2632 30
2633 37
2634 44
2635 68
2636 50
2637 120
2638 162
2639 163
2640 1757
2641 387
2642 106
2643 241
2644 69
2645 34
2646 29
2647 25
2648 49
2649 44
2650 20
2651 12
2652 8
2653 9
2654 19
2655 31
2656 12
2657 18
2658 3
2659 5
2660 10
2661 6
2662 10
2663 46
2664 49
2665 107
2666 13
2667 16
2668 13
2669 12
2670 10
2671 23
2672 16
2673 12
2674 5
2675 25
2676 6
2677 10
2678 18
2679 21
2680 12
2681 36
2682 21
2683 152
2684 88
2685 299
2686 332
2687 355
2688 111
2689 512
2690 61
2691 69
2692 90
2693 15
2694 177
2695 34
2696 12
2697 32
2698 53
2699 44
2700 278
2701 33
2702 13
2703 11
2704 23
2705 23
2706 10
2707 1
2708 15
2709 39
2710 9
2711 38
2712 22
2713 29
2714 55
2715 29
2716 25
2717 21
2718 24
2719 39
2720 17
2721 37
2722 13
2723 44
2724 15
2725 7
2726 30
2727 49
2728 54
2729 33
2730 34
2731 31
2732 19
2733 6
2734 47
2735 87
2736 27
2737 7
2738 46
2739 7
2740 6
2741 145
2742 32
2743 5
2744 30
2745 25
2746 27
2747 29
2748 103
2749 227
2750 389
2751 717
2752 2109
2753 1213
2754 2133
2755 186
2756 1054
2757 564
2758 181
2759 88
2760 91
2761 44
2762 42
2763 110
2764 902
2765 266
2766 196
2767 146
2768 373
2769 1000
2770 1880
2771 720
2772 1759
2773 5378
2774 9951
2775 2790
2776 7304
2777 4827
2778 545
2779 247
2780 749
2781 173
2782 259
2783 140
2784 426
2785 160
2786 90
2787 329
2788 188
2789 303
2790 40
2791 9
2792 24
2793 74
2794 47
2795 19
2796 12
2797 26
2798 39
2799 36
2800 28
2801 10
2802 20
2803 12
2804 11
2805 3
2806 6
2807 8
2808 6
2809 7
2810 14
2811 23
2812 51
2813 358
2814 114
2815 62
2816 33
2817 63
2818 87
2819 42
2820 6
2821 58
2822 4
2823 17
2824 34
2825 36
2826 57
2827 54
2828 91
2829 66
2830 37
2831 40
2832 52
2833 33
2834 24
2835 9
2836 37
2837 42
2838 37
2839 23
2840 33
2841 36
2842 26
2843 5
2844 9
2845 11
2846 11
2847 5
2848 8
2849 8
2850 10
2851 17
2852 3
2853 5
2854 35
2855 12
2856 28
2857 51
2858 41
2859 33
2860 21
2861 54
2862 14
2863 18
2864 108
2865 84
2866 264
2867 120
2868 44
2869 136
2870 14
2871 4
2872 115
2873 128
2874 157
2875 78
2876 64
2877 65
2878 175
2879 52
2880 43
2881 31
2882 122
2883 271
2884 44
2885 46
2886 114
2887 28
2888 32
2889 31
2890 35
2891 48
2892 24
2893 13
2894 70
2895 31
2896 37
2897 34
2898 42
2899 43
2900 36
2901 3
2902 6
2903 41
2904 60
2905 52
2906 35
2907 37
2908 24
2909 155
2910 32
2911 7
2912 31
2913 7
2914 22
2915 33
2916 41
2917 97
2918 59
2919 18
2920 19
2921 31
2922 31
2923 54
2924 23
2925 39
2926 90
2927 88
2928 171
2929 51
2930 93
2931 318
2932 68
2933 151
2934 127
2935 60
2936 30
2937 16
2938 22
2939 11
2940 14
2941 5
2942 7
2943 7
2944 26
2945 4
2946 8
2947 3
2948 7
2949 4
2950 6
2951 7
2952 4
2953 3
2954 5
2955 9
2956 12
2957 5
2958 9
2959 15
2960 23
2961 9
2962 3
2963 4
2964 85
2965 10
2966 15
2967 35
2968 212
2969 158
2970 104
2971 809
2972 295
2973 65
2974 43
2975 47
2976 59
2977 22
2978 46
2979 33
2980 12
2981 45
2982 7
2983 1
2984 34
2985 48
2986 17
2987 18
2988 10
2989 40
2990 34
2991 32
2992 52
2993 44
2994 21
2995 26
2996 37
2997 30
2998 29
2999 30
3000 63
3001 21
3002 22
3003 24
3004 106
3005 62
3006 93
3007 83
3008 120
3009 97
3010 104
3011 171
3012 116
3013 54
3014 80
3015 87
3016 109
3017 138
3018 129
3019 90
3020 152
3021 66
3022 69
3023 21
3024 19
3025 4
3026 7
3027 43
3028 24
3029 3
3030 4
3031 24
3032 51
3033 16
3034 8
3035 29
3036 59
3037 36
3038 20
3039 7
3040 27
3041 4
3042 3
3043 13
3044 17
3045 14
3046 4
3047 2
3048 18
3049 22
3050 20
3051 36
3052 198
3053 27
3054 51
3055 41
3056 43
3057 28
3058 21
3059 29
3060 9
3061 4
3062 43
3063 31
3064 16
3065 79
3066 22
3067 16
3068 17
3069 14
3070 45
3071 32
3072 82
3073 30
3074 105
3075 86
3076 112
3077 163
3078 251
3079 69
3080 119
3081 169
3082 141
3083 94
3084 113
3085 30
3086 33
3087 30
3088 52
3089 13
3090 6
3091 15
3092 55
3093 5
3094 8
3095 16
3096 50
3097 130
3098 335
3099 452
3100 115
3101 345
3102 30
3103 20
3104 41
3105 30
3106 34
3107 15
3108 7
3109 21
3110 33
3111 18
3112 26
3113 14
3114 23
3115 14
3116 19
3117 12
3118 13
3119 38
3120 8
3121 36
3122 12
3123 10
3124 10
3125 9
3126 47
3127 12
3128 82
3129 30
3130 84
3131 102
3132 13
3133 5
3134 6
3135 15
3136 1
3137 9
3138 4
3139 15
3140 8
3141 26
3142 82
3143 102
3144 55
3145 50
3146 129
3147 28
3148 5
3149 11
3150 7
3152 3
3153 2
3154 5
3155 1
3156 2
3157 1
3158 6
3159 3
3160 4
3163 5
3164 7
3165 7
3166 6
3167 8
3168 19
3169 21
3170 4
3171 4
3172 4
3173 3
3174 2
3175 1
3176 2
3177 1
3179 3
3180 6
3181 1
3182 5
3183 4
3186 4
3187 1
3189 7
3190 14
3191 44
3192 48
3193 137
3194 54
3195 11
3196 1
3197 2
3198 1
3199 3
3201 4
3202 6
3203 9
3204 12
3205 25
3206 15
3207 12
3208 10
3209 3
3211 2
3212 9
3213 17
3214 1
3216 5
3217 2
3218 1
3219 13
3220 6
3221 2
3222 1
3223 17
3224 2
3225 4
3226 6
3227 3
3228 3
3229 4
3231 8
3232 2
3233 1
3234 3
3235 2
3236 1
3237 5
3238 6
3239 8
3240 8
3241 9
3242 14
3243 9
3244 27
3245 23
3246 11
3247 9
3248 14
3249 3
3250 9
3251 12
3252 2
3253 9
3254 2
3255 2
3256 2
3257 7
3258 5
3259 5
3260 5
3261 27
3262 6
3263 6
3264 3
3265 5
3266 3
3267 3
3268 3
3269 2
3271 1
3273 1
3274 1
3275 4
3276 3
3279 2
3280 1
3281 3
3282 4
3283 2
3284 1
3286 5
3287 3
3288 1
3289 3
3291 5
3292 14
3293 57
3294 318
3295 675
3296 266
3297 116
3298 104
3299 22
3300 16
3301 11
3302 7
3303 14
3304 29
3305 14
3306 17
3307 58
3308 19
3309 64
3310 41
3311 26
3312 17
3313 53
3314 4
3315 12
3316 9
3317 4
3318 11
3319 20
3320 45
3321 23
3322 22
3323 21
3324 20
3325 27
3326 96
3327 296
3328 98
3329 132
3330 34
3331 16
3332 29
3333 39
3334 11
3335 44
3336 155
3337 63
3338 112
3339 103
3340 100
3341 79
3342 145
3343 78
3344 43
3345 20
3346 17
3347 14
3348 11
3349 10
3350 11
3351 33
3352 66
3353 33
3354 166
3355 53
3356 47
3357 171
3358 48
3359 17
3360 11
3361 15
3362 15
3363 16
3364 30
3365 32
3366 45
3367 170
3368 41
3369 25
3370 14
3371 58
3372 14
3373 6
3374 20
3375 26
3376 23
3377 57
3378 62
3379 61
3380 46
3381 43
3382 57
3383 73
3384 33
3385 104
3386 187
3387 31
3388 27
3389 57
3390 38
3391 4
3392 35
3393 21
3394 5
3395 30
3396 17
3397 23
3398 13
3399 7
3400 31
3401 22
3402 65
3403 39
3404 136
3405 93
3406 89
3407 35
3408 36
3409 53
3410 25
3411 59
3412 8
3413 7
3414 4
3415 15
3416 5
3417 3
3418 2
3419 5
3420 6
3421 3
3422 1
3423 2
3424 9
3425 3
3426 10
3427 27
3428 14
3429 8
3430 27
3431 7
3432 1
3433 7
3434 20
3435 6
3436 4
3437 8
3438 19
3439 20
3440 76
3441 15
3442 43
3443 46
3444 4
3445 44
3446 22
3447 56
3448 19
3449 16
3450 34
3451 1
3452 24
3453 2
3454 15
3455 14
3456 27
3457 22
3458 5
3459 18
3460 4
3461 15
3462 5
3464 1
3465 4
3466 6
3468 3
3469 13
3470 5
3471 4
3473 5
3474 19
3475 14
3476 3
3477 1
3478 1
3479 7
3480 8
3481 4
3482 6
3484 4
3485 5
3486 4
3487 9
3488 1
3490 4
3491 11
3492 5
3493 5
3494 4
3495 2
3496 10
3497 7
3498 3
3499 4
3500 8
3501 6
3502 31
3503 8
3504 36
3505 42
3506 50
3507 52
3508 76
3509 55
3510 33
3511 71
3512 115
3513 22
3514 167
3515 10
3516 156
3517 67
3518 36
3519 37
3520 48
3521 43
3522 18
3523 32
3524 27
3525 54
3526 66
3527 136
3528 35
3529 55
3530 107
3531 44
3532 252
3533 44
3534 20
3535 65
3536 75
3537 76
3538 154
3539 391
3540 200
3541 113
3542 65
3543 36
3544 12
3545 15
3546 29
3547 107
3548 53
3549 31
3550 34
3551 103
3552 173
3553 65
3554 105
3555 383
3556 62
3557 189
3558 120
3559 46
3560 47
3561 48
3562 57
3563 12
3564 3
3567 5
3568 4
3569 3
3570 4
3571 10
3572 4
3573 4
3574 1
3575 4
3576 2
3577 2
3578 1
3579 6
3580 4
3581 14
3582 8
3583 5
3585 22
3586 4
3587 3
3589 3
3590 9
3591 8
3592 4
3594 3
3595 1
3599 4
3601 1
3602 1
3603 9
3604 4
3605 3
3606 4
3607 1
3608 8
3609 2
3610 2
3611 6
3612 1
3613 1
3614 5
3615 5
3616 2
3618 5
3619 1
3624 8
3625 3
3627 1
3629 4
3630 5
3631 9
3632 57
3633 22
3634 4
3635 1
3636 3
3637 2
3638 1
3640 1
3642 2
3644 1
3645 14
3646 1
3647 1
3649 2
3650 5
3653 3
3656 1
3659 2
3660 1
3661 2
3662 1
3663 1
3664 1
3665 8
3666 6
3667 1
3668 1
3669 1
3670 10
3671 1
3672 5
3674 5
3675 4
3676 303
3677 97
3678 26
3679 298
3680 97
3681 88
3682 154
3683 39
3684 48
3685 37
3686 75
3687 85
3688 40
3689 101
3690 32
3691 111
3692 26
3693 113
3694 36
3695 45
3696 88
3697 76
3698 33
3699 64
3700 186
3701 52
3702 118
3703 61
3704 36
3705 31
3706 24
3707 15
3708 48
3709 14
3710 43
3711 40
3712 17
3713 12
3714 54
3715 36
3716 35
3717 35
3718 91
3719 58
3720 135
3721 118
3722 50
3723 149
3724 65
3725 114
3726 19
3727 18
3728 15
3729 25
3730 173
3731 168
3732 47
3733 30
3734 28
3735 1
3736 4
3737 47
3738 120
3739 22
3740 26
3741 7
3742 8
3743 11
3744 5
3745 2
3746 10
3747 4
3749 8
3750 10
3751 16
3752 10
3753 15
3754 4
3755 2
3756 6
3757 9
3758 4
3761 5
3762 14
3763 6
3764 6
3765 13
3766 70
3767 17
3768 11
3769 5
3770 6
3771 19
3772 10
3773 9
3774 32
3775 10
3776 13
3777 5
3778 8
3779 24
3780 7
3781 9
3782 17
3783 16
3784 27
3785 76
3786 133
3787 129
3788 236
3789 43
3790 61
3791 38
3792 15
3793 7
3794 24
3795 14
3796 34
3797 37
3798 119
3799 278
3800 499
3801 141
3802 220
3803 46
3804 44
3805 58
3806 17
3807 19
3808 88
3809 41
3810 46
3811 62
3812 53
3813 23
3814 83
3815 199
3816 67
3817 89
3818 114
3819 17
3820 59
3821 28
3822 20
3823 90
3824 58
3825 32
3826 63
3827 68
3828 72
3829 100
3830 13
3831 107
3832 93
3833 63
3834 37
3835 14
3836 30
3837 18
3838 61
3839 36
3840 128
3841 75
3842 166
3843 118
3844 49
3845 28
3846 35
3847 31
3848 25
3849 38
3850 24
3851 21
3852 4
3853 8
3854 15
3855 47
3856 36
3857 110
3858 679
3859 12
3860 34
3861 4
3862 13
3863 60
3864 79
3865 92
3866 59
3867 36
3868 23
3869 178
3870 56
3871 148
3872 128
3873 146
3874 250
3875 142
3876 365
3877 126
3878 76
3879 165
3880 135
3881 239
3882 182
3883 160
3884 54
3885 97
3886 173
3887 33
3888 22
3889 71
3890 43
3891 76
3892 26
3893 59
3894 28
3895 31
3896 48
3897 57
3898 39
3899 89
3900 49
3901 10
3902 4
3903 2
3904 4
3905 8
3906 20
3907 19
3908 16
3909 26
3910 36
3911 23
3912 7
3913 9
3914 23
3915 19
3916 23
3917 30
3918 29
3919 42
3920 179
3921 113
3922 48
3923 52
3924 49
3925 41
3926 233
3927 86
3928 135
3929 67
3930 197
3931 89
3932 138
3933 47
3934 30
3935 31
3936 30
3937 126
3938 45
3939 22
3940 36
3941 120
3942 67
3943 72
3944 301
3945 121
3946 80
3947 80
3948 66
3949 154
3950 90
3951 44
3952 154
3953 45
3954 40
3955 22
3956 42
3957 54
3958 21
3959 17
3960 51
3961 24
3962 21
3963 17
3964 22
3965 7
3966 8
3967 17
3968 11
3969 7
3970 30
3971 8
3972 17
3973 16
3974 26
3975 21
3976 16
3977 38
3978 15
3979 22
3980 20
3981 8
3982 9
3983 13
3984 23
3985 59
3986 36
3987 19
3988 45
3989 8
3990 12
3991 13
3992 7
3993 12
3994 26
3995 21
3996 34
3997 40
3998 32
3999 16
4000 19
4001 87
4002 78
4003 59
4004 21
4005 28
4006 11
4007 13
4008 13
4009 18
4010 14
4011 39
4012 94
4013 611
4014 542
4015 98
4016 57
4017 49
4018 49
4019 22
4020 21
4021 22
4022 39
4023 51
4024 134
4025 54
4026 34
4027 33
4028 34
4029 46
4030 42
4031 28
4032 87
4033 32
4034 68
4035 46
4036 76
4037 248
4038 207
4039 213
4040 85
4041 61
4042 76
4043 51
4044 46
4045 46
4046 105
4047 86
4048 66
4049 69
4050 52
4051 45
4052 26
4053 52
4054 22
4055 7
4056 14
4057 31
4058 15
4059 8
4060 42
4061 15
4062 14
4063 66
4064 21
4065 24
4066 22
4067 25
4068 88
4069 837
4070 261
4071 131
4072 108
4073 532
4074 61
4075 77
4076 63
4077 34
4078 55
4079 20
4080 26
4081 39
4082 25
4083 28
4084 14
4085 7
4086 5
4087 3
4088 3
4089 5
4090 1
4091 4
4092 3
4093 2
4094 12
4095 3
4096 7
4097 8
4098 3
4099 41
4100 150
4101 85
4102 164
4103 34
4104 8
4105 18
4106 9
4107 5
4108 96
4109 31
4110 22
4111 24
4112 39
4113 15
4114 20
4115 38
4116 3
4117 13
4118 26
4119 4
4120 4
4121 9
4122 13
4123 42
4124 146
4125 33
4126 15
4127 42
4128 25
4129 19
4130 24
4131 38
4132 41
4133 128
4134 13
4135 30
4136 15
4137 15
4138 12
4139 21
4140 24
4141 13
4142 6
4143 12
4144 12
4145 45
4146 12
4147 16
4148 25
4149 21
4150 12
4151 13
4152 20
4153 44
4154 47
4155 26
4156 34
4157 58
4158 73
4159 42
4160 37
4161 27
4162 27
4163 22
4164 23
4165 26
4166 34
4167 37
4168 40
4169 41
4170 44
4171 80
4172 92
4173 33
4174 30
4175 73
4176 48
4177 33
4178 52
4179 30
4180 12
4181 14
4182 41
4183 20
4184 26
4185 72
4186 23
4187 44
4188 58
4189 80
4190 117
4191 25
4192 26
4193 44
4194 37
4195 76
4196 23
4197 35
4198 35
4199 62
4200 194
4201 92
4202 46
4203 100
4204 140
4205 92
4206 33
4207 100
4208 28
4209 43
4210 71
4211 60
4212 55
4213 43
4214 49
4215 55
4216 81
4217 74
4218 44
4219 36
4220 10
4221 19
4222 40
4223 21
4224 22
4225 34
4226 85
4227 213
4228 719
4229 370
4230 172
4231 53
4232 85
4233 52
4234 223
4235 301
4236 44
4237 34
4238 22
4239 32
4240 36
4241 9
4242 22
4243 19
4244 149
4245 89
4246 50
4247 96
4248 35
4249 11
4250 8
4251 38
4252 11
4253 8
4254 8
4255 24
4256 62
4257 38
4258 53
4259 75
4260 88
4261 155
4262 130
4263 74
4264 59
4265 36
4266 60
4267 147
4268 116
4269 203
4270 14
4271 5
4272 205
4273 174
4274 14
4275 12
4276 20
4277 11
4278 889
4279 979
4280 181
4281 169
4282 13
4283 5
4284 13
4285 41
4286 32
4287 231
4289 1
4291 1
4293 3
4294 1
4295 1
4297 1
4298 1
4299 1
4302 1
4305 4
4307 1
4312 2
4321 1
4322 3
4323 1
4325 1
4327 1
4328 1
4331 1
4332 1
4336 2
4344 1
4355 1
4364 2
4374 2
4414 1
4423 1
4427 3
4429 2
4433 1
4434 2
4435 1
4440 1
4443 1
4450 1
4459 2
4465 1
4474 1
4475 3
4476 4
4483 14
4487 1
4488 7
4490 3
4493 1
4501 2
4502 2
4503 2
4509 3
4510 2
4515 3
4516 1
4517 1
4523 1
4526 2
4532 2
4533 1
4535 1
4537 3
4538 2
4540 3
4541 9
4542 2
4544 2
4545 3
4548 1
4549 3
4550 4
4551 9
4552 223
4553 325
4554 115
4555 26
4556 22
4557 19
4558 3
4559 19
4560 9
4561 1
4562 3
4563 6
4564 6
4565 7
4566 7
4567 12
4568 16
4569 6
4570 7
4571 22
4572 2
4573 8
4574 2
4575 5
4576 2
4577 15
4578 14
4579 2
4580 8
4581 18
4582 16
4583 16
4584 136
4585 29
4586 14
4587 33
4588 104
4589 18
4590 19
4591 6
4592 3
4593 1
4594 9
4595 39
4596 42
4597 95
4598 111
4599 36
4600 35
4601 22
4602 18
4603 33
4604 55
4605 1
4606 3
4607 15
4608 36
4609 25
4610 30
4611 42
4612 23
4613 2
4614 2
4615 8
4616 59
4617 34
4618 6
4619 6
4620 43
4621 5
4622 8
4623 13
4624 111
4625 45
4626 124
4627 72
4628 161
4629 206
4630 21
4631 29
4632 49
4633 9
4634 22
4635 98
4636 141
4637 62
4638 2
4639 21
4640 117
4641 220
4642 618
4643 245
4644 97
4645 221
4646 101
4647 1323
4648 1105
4649 56
4650 77
4651 35
4652 35
4653 307
4654 314
4655 1131
4656 28
4657 76
4658 53
4659 307
4660 1372
4661 3635
4662 160
4663 199
4664 582
4665 1728
4666 21
4667 18
4668 154
4669 81
4670 18
4671 170
4672 433
4673 18
4674 46
4675 782
4676 101
4677 2
4678 5
4679 19
4680 27
4682 1
4683 7
4685 1
4686 3
4687 4
4689 2
4696 2
4706 1
4714 1
4715 1
4723 1
4724 3
4727 1
4745 3
4758 1
4762 1
4763 1
4765 3
4768 2
4770 1
4772 1
4776 1
4777 4
4778 4
4779 10
4780 1
4781 1
4785 2
4789 1
4801 1
4802 1
4803 2
4804 1
4805 1
4810 5
4811 1
4813 1
4834 2
4836 1
4849 1
4850 1
4854 4
4855 1
4857 3
4861 3
4862 4
4866 1
4867 1
4877 1
4882 1
4888 1
4891 1
4892 2
4893 1
4894 1
4895 1
4896 1
4900 2
4905 1
4907 1
4908 1
4909 1
4911 1
4914 3
4917 1
4918 5
4919 1
4937 1
4942 1
4943 1
4944 1
4945 1
4950 1
4952 9
4953 3
4955 2
4956 1
4958 4
4961 3
4962 1
4963 4
4965 3
4966 3
4968 3
4970 1
4972 1
4973 1
4976 1
4980 3
4981 1
4985 1
4994 1
4999 1
5000 1
5006 1
5009 1
5014 1
5015 4
5021 2
5023 6
5024 1
5026 1
5028 1
5029 1
5030 1
5031 1
5035 1
5043 3
5047 1
5055 2
5058 1
5059 1
5060 6
5061 2
5063 1
5064 1
5065 17
5066 15
5067 3
5068 3
5069 8
5070 2
5071 1
5073 4
5074 4
5075 2
5077 1
5080 1
5084 1
5086 1
5090 3
5091 40
5092 21
5093 141
5094 21
5095 33
5096 19
5097 16
5098 20
5099 7
5100 3
5101 5
5102 15
5103 47
5104 169
5105 52
5106 34
5107 94
5108 87
5109 135
5110 95
5111 239
5112 122
5113 24
5114 127
5115 156
5116 127
5117 122
5118 96
5119 79
5120 129
5121 36
5122 40
5123 81
5124 89
5125 49
5126 84
5127 25
5128 20
5129 38
5130 31
5131 29
5132 67
5133 42
5134 29
5135 21
5136 42
5137 34
5138 28
5139 3
5140 3
5141 5
5142 48
5143 15
5144 39
5145 38
5146 46
5147 38
5148 40
5149 37
5150 31
5151 76
5152 90
5153 49
5154 29
5155 96
5156 7
5157 28
5158 30
5159 12
5160 92
5161 27
5162 42
5163 31
5164 16
5165 69
5166 48
5167 16
5168 20
5169 3
5170 53
5171 57
5172 52
5173 60
5174 74
5175 95
5176 97
5177 229
5178 152
5179 106
5180 118
5181 131
5182 64
5183 75
5184 264
5185 58
5186 22
5187 63
5188 35
5189 5
5190 1
5191 6
5192 17
5193 4
5194 12
5195 3
5196 7
5197 3
5198 8
5199 19
5200 7
5201 17
5202 8
5203 8
5204 1
5205 4
5206 3
5207 3
5208 7
5209 23
5210 43
5211 11
5212 4
5213 12
5214 20
5215 18
5216 26
5217 29
5218 44
5219 14
5220 11
5221 21
5222 95
5223 41
5224 25
5225 16
5226 50
5227 53
5228 21
5229 30
5230 8
5231 12
5232 4
5233 6
5234 25
5235 6
5236 4
5237 36
5238 13
5239 66
5240 46
5241 37
5242 122
5243 26
5244 10
5245 11
5246 24
5247 24
5248 10
5249 7
5250 7
5251 13
5252 6
5253 4
5254 5
5255 5
5256 15
5257 10
5258 15
5259 26
5260 18
5261 129
5262 29
5263 12
5264 21
5265 28
5266 6
5267 20
5268 10
5269 15
5270 11
5271 11
5272 65
5273 36
5274 142
5275 211
5276 18
5277 17
5278 24
5279 22
5280 23
5281 15
5282 21
5283 16
5284 10
5285 11
5286 31
5287 31
5288 43
5289 30
5290 43
5291 26
5292 14
5293 28
5294 37
5295 9
5296 12
5297 16
5298 44
5299 5
5300 62
5301 65
5302 60
5303 82
5304 36
5305 36
5306 48
5307 72
5308 36
5309 11
5310 61
5311 51
5312 49
5313 99
5314 100
5315 434
5316 987
5317 401
5318 1525
5319 850
5320 215
5321 350
5322 626
5323 496
5324 720
5325 1269
5326 1709
5327 1025
5328 442
5329 1130
5330 536
5331 230
5332 201
5333 129
5334 132
5335 124
5336 78
5337 71
5338 203
5339 143
5340 40
5341 140
5342 35
5343 50
5344 33
5345 10
5346 23
5347 44
5348 71
5349 218
5350 19
5351 168
5352 130
5353 83
5354 89
5355 51
5356 109
5357 319
5358 137
5359 77
5360 66
5361 103
5362 255
5363 88
5364 105
5365 114
5366 58
5367 384
5368 246
5369 190
5370 348
5371 258
5372 22
5373 37
5374 67
5375 73
5376 51
5377 16
5378 10
5379 22
5380 141
5381 245
5382 71
5383 45
5384 48
5385 47
5386 61
5387 32
5388 18
5389 36
5390 14
5391 6
5392 7
5393 14
5394 9
5395 30
5396 1
5397 10
5398 29
5399 14
5400 11
5401 26
5402 22
5403 11
5404 18
5405 17
5406 19
5407 7
5408 14
5409 17
5410 22
5411 8
5412 14
5413 4
5414 15
5415 10
5416 2
5417 9
5418 12
5419 2
5420 14
5421 6
5422 6
5423 14
5424 21
5425 42
5426 62
5427 34
5428 11
5430 8
5431 5
5432 13
5433 9
5434 31
5435 23
5436 131
5437 20
5438 17
5439 19
5440 15
5441 11
5442 36
5443 5
5444 17
5445 53
5446 20
5447 34
5448 53
5449 23
5450 24
5451 24
5452 16
5453 19
5454 13
5455 15
5456 2
5457 4
5458 8
5459 45
5460 26
5461 7
5462 14
5463 9
5464 25
5465 8
5466 10
5467 13
5468 7
5469 2
5470 2
5471 4
5472 51
5473 23
5474 21
5475 9
5476 16
5477 21
5478 27
5479 24
5480 11
5481 17
5482 29
5483 6
5484 13
5485 15
5486 8
5487 3
5488 13
5489 4
5490 17
5491 7
5492 5
5493 7
5494 10
5495 15
5496 2
5497 6
5498 7
5499 10
5500 4
5501 4
5502 3
5503 2
5504 9
5505 30
5506 19
5507 3
5508 9
5509 33
5510 27
5511 175
5512 72
5513 65
5514 85
5515 18
5516 19
5517 5
5518 8
5519 7
5520 11
5521 15
5522 2
5523 8
5524 24
5525 7
5526 13
5527 7
5528 19
5529 16
5530 14
5531 16
5532 12
5533 6
5534 5
5535 9
5536 17
5537 2
5538 18
5539 19
5540 13
5541 38
5542 8
5543 41
5544 33
5545 18
5546 7
5547 38
5548 18
5549 6
5550 10
5551 16
5552 8
5553 8
5554 23
5555 7
5556 5
5557 17
5558 39
5559 43
5560 22
5561 43
5562 30
5563 15
5564 19
5565 8
5566 8
5567 9
5568 5
5569 4
5570 15
5571 13
5572 17
5573 12
5574 22
5575 5
5576 6
5577 12
5578 5
5579 4
5580 7
5581 1
5582 4
5583 10
5584 6
5585 20
5586 11
5587 76
5588 2
5589 8
5590 33
5591 30
5592 13
5593 5
5594 12
5595 15
5596 12
5597 14
5598 7
5599 2
5600 1
5601 17
5603 14
5604 10
5605 17
5606 13
5607 10
5608 20
5609 13
5610 4
5611 7
5612 4
5613 11
5614 19
5615 4
5616 13
5617 21
5618 19
5619 7
5620 6
5621 8
5622 3
5623 22
5624 9
5625 15
5626 10
5627 12
5628 35
5629 65
5630 411
5631 125
5632 86
5633 46
5634 109
5635 13
5636 9
5637 6
5638 7
5639 11
5640 9
5641 6
5642 5
5643 32
5644 9
5645 3
5646 17
5647 11
5648 7
5649 13
5650 5
5651 11
5652 5
5653 3
5654 3
5655 22
5656 10
5657 2
5658 14
5659 23
5660 4
5661 4
5663 1
5664 11
5665 2
5666 9
5667 6
5668 9
5669 14
5670 5
5671 7
5672 7
5673 4
5674 81
5675 6
5676 23
5677 10
5678 20
5679 17
5681 130
5682 439
5683 1377
5684 82
5685 155
5686 561
5687 1769
5688 4333
5689 620
5690 86
5691 213
5692 94
5693 123
5694 193
5695 58
5696 82
5697 145
5698 68
5699 81
5700 76
5701 180
5702 108
5703 88
5704 107
5705 106
5706 210
5707 299
5708 189
5709 179
5710 153
5711 100
5712 164
5713 149
5714 78
5715 140
5716 71
5717 93
5718 58
5719 56
5720 118
5721 147
5722 53
5723 62
5724 50
5725 42
5726 34
5727 22
5728 29
5729 27
5730 51
5731 149
5732 25
5733 5
5734 18
5735 8
5736 11
5737 23
5738 38
5739 30
5740 30
5741 74
5742 25
5743 32
5744 21
5745 7
5746 6
5747 4
5748 9
5749 15
5750 4
5751 6
5752 6
5753 7
5754 13
5755 7
5756 5
5757 34
5758 22
5759 7
5760 12
5761 19
5762 19
5763 20
5764 16
5765 11
5766 5
5767 2
5768 8
5769 2
5770 12
5771 11
5772 1
5773 4
5774 12
5775 21
5776 10
5777 34
5778 7
5779 4
5780 2
5781 12
5782 3
5783 3
5784 1
5785 6
5786 7
5787 4
5788 3
5789 12
5790 2
5791 1
5792 4
5793 4
5794 5
5795 1
5796 2
5797 5
5798 4
5799 8
5803 3
5805 2
5806 3
5807 9
5808 14
5809 15
5810 68
5811 51
5812 147
5813 253
5814 345
5815 370
5816 296
5817 373
5818 254
5819 193
5820 59
5821 25
5822 67
5823 16
5824 27
5825 16
5826 128
5827 98
5828 53
5829 45
5830 59
5831 36
5832 22
5833 29
5834 30
5835 15
5836 9
5837 71
5838 22
5839 36
5840 56
5841 56
5842 78
5843 104
5844 88
5845 87
5846 84
5847 123
5848 92
5849 138
5850 151
5851 153
5852 266
5853 225
5854 210
5855 208
5856 52
5857 131
5858 57
5859 65
5860 65
5861 240
5862 13
5863 90
5864 7
5865 51
5866 49
5867 110
5868 66
5869 260
5870 163
5871 194
5872 31
5873 16
5874 146
5875 306
5876 106
5877 1403
5878 736
5879 398
5880 626
5881 1469
5882 97
5883 27
5884 28
5885 21
5886 27
5887 56
5888 33
5889 13
5890 15
5891 39
5892 34
5893 23
5894 17
5895 2
5896 27
5897 1
5898 13
5899 49
5900 26
5901 2
5902 14
5903 14
5904 2
5906 4
5907 11
5908 4
5909 12
5910 9
5911 6
5912 13
5913 26
5914 16
5915 35
5916 3
5917 2
5918 31
5919 7
5920 1
5921 12
5922 9
5923 6
5924 6
5925 12
5926 8
5927 5
5928 10
5929 13
5930 9
5931 7
5932 15
5933 7
5934 11
5935 5
5936 7
5937 30
5938 50
5939 20
5940 30
5941 22
5942 22
5943 27
5944 7
5945 5
5946 7
5947 4
5948 5
5949 5
5950 5
5951 4
5952 6
5953 6
5954 1
5955 13
5956 7
5957 8
5958 11
5959 8
5960 5
5961 8
5962 5
5963 5
5964 47
5965 116
5966 163
5967 545
5968 73
5969 62
5970 187
5971 82
5972 111
5973 51
5974 45
5975 29
5976 37
5977 22
5978 15
5979 19
5980 14
5981 56
5982 29
5983 12
5984 28
5985 45
5986 88
5987 77
5988 85
5989 21
5990 17
5991 55
5992 44
5993 26
5994 32
5995 62
5996 57
5997 59
5998 22
5999 15
6000 19
6001 22
6002 5
6003 9
6004 13
6005 4
6006 7
6007 15
6008 8
6009 1
6010 9
6011 9
6012 7
6013 8
6014 22
6015 5
6016 6
6017 11
6018 13
6019 31
6020 9
6021 3
6022 19
6023 6
6024 2
6025 2
6026 9
6027 1
6028 3
6029 3
6030 4
6031 1
6032 2
6033 6
6034 7
6035 8
6036 5
6037 4
6038 2
6039 2
6040 5
6041 5
6042 4
6043 9
6044 12
6045 13
6046 15
6047 9
6048 6
6049 17
6050 21
6051 17
6052 26
6053 51
6054 3
6055 9
6056 22
6057 3
6058 14
6059 4
6060 8
6061 19
6062 8
6063 15
6064 9
6065 12
6066 17
6067 10
6068 13
6069 20
6070 19
6071 18
6072 2
6073 15
6074 12
6076 8
6077 8
6078 8
6079 6
6080 16
6081 16
6082 9
6083 17
6084 19
6085 36
6086 1
6087 1
6088 2
6089 4
6090 2
6091 8
6092 4
6093 3
6094 3
6095 5
6096 8
6097 4
6098 9
6099 14
6100 11
6101 14
6102 7
6103 19
6104 3
6105 2
6106 1
6107 4
6108 6
6109 12
6110 29
6111 20
6112 5
6113 6
6114 15
6115 45
6116 59
6117 83
6118 98
6119 75
6120 53
6121 22
6122 6
6123 2
6124 21
6125 117
6126 15
6127 7
6128 9
6129 6
6130 19
6131 116
6132 18
6133 12
6134 8
6135 7
6136 2
6139 2
6140 6
6141 8
6142 3
6143 1
6144 2
6145 1
6146 1
6147 1
6148 1
6149 2
6150 7
6152 4
6153 4
6154 5
6155 31
6156 6
6157 1
6158 3
6159 2
6160 2
6161 1
6162 2
6166 3
6167 4
6168 1
6170 2
6171 6
6172 1
6173 2
6175 3
6177 1
6179 1
6181 3
6182 2
6183 2
6184 6
6185 15
6186 2
6187 1
6188 18
6189 5
6190 6
6191 14
6192 48
6193 86
6194 40
6195 26
6196 9
6197 14
6198 1
6199 5
6200 3
6201 8
6202 6
6203 8
6204 4
6205 6
6206 6
6207 30
6208 42
6209 28
6210 36
6211 7
6212 50
6213 4
6214 5
6215 13
6216 7
6217 29
6218 17
6219 9
6220 43
6221 46
6222 14
6223 8
6224 14
6225 19
6227 4
6228 5
6229 6
6231 2
6232 10
6233 6
6234 16
6235 6
6236 4
6237 16
6238 20
6239 4
6240 9
6241 4
6242 10
6243 6
6244 6
6245 9
6246 10
6247 8
6248 10
6249 10
6250 8
6251 21
6253 30
6254 19
6255 45
6256 15
6257 29
6258 15
6259 26
6260 14
6261 29
6262 27
6263 20
6264 71
6265 42
6266 31
6267 41
6268 47
6269 47
6270 131
6271 104
6272 147
6273 88
6274 148
6275 129
6276 115
6277 70
6278 66
6279 63
6280 49
6281 64
6282 29
6283 9
6284 40
6285 56
6286 21
6287 19
6288 12
6289 12
6290 28
6291 57
6292 124
6293 3
6294 83
6295 59
6296 21
6297 9
6298 13
6299 14
6300 26
6301 11
6302 15
6303 11
6304 11
6305 13
6306 25
6307 18
6308 30
6309 3
6310 38
6311 40
6312 23
6313 28
6314 77
6315 44
6316 40
6317 43
6318 73
6319 34
6320 13
6321 15
6322 7
6323 7
6324 6
6325 5
6326 4
6327 1
6328 8
6329 2
6330 1
6331 63
6332 59
6333 30
6334 15
6335 26
6336 1
6337 2
6338 6
6339 5
6340 7
6341 5
6342 9
6343 30
6344 28
6345 33
6346 24
6347 28
6348 73
6349 50
6350 30
6351 20
6352 52
6353 30
6354 33
6355 139
6356 70
6357 85
6358 22
6359 22
6360 104
6361 84
6362 24
6363 7
6364 7
6365 9
6366 20
6367 38
6368 46
6369 19
6370 13
6371 33
6372 28
6373 28
6374 34
6375 20
6376 28
6377 9
6378 15
6379 30
6380 45
6381 90
6382 81
6383 14
6384 11
6385 10
6386 3
6387 7
6389 20
6390 3
6391 2
6392 30
6393 5
6394 16
6395 35
6396 41
6397 41
6398 35
6399 52
6400 53
6401 34
6402 43
6403 17
6404 13
6405 19
6406 7
6407 13
6408 18
6409 14
6410 34
6411 71
6412 19
6413 38
6414 62
6415 32
6416 124
6417 43
6418 44
6419 179
6420 202
6421 151
6422 189
6423 46
6424 35
6425 27
6426 182
6427 236
6428 41
6429 33
6430 29
6431 54
6432 75
6433 71
6434 310
6435 40
6436 362
6437 379
6438 266
6439 106
6440 163
6441 73
6442 77
6443 22
6444 35
6445 28
6446 8
6447 50
6448 25
6449 16
6450 50
6451 6
6452 40
6453 87
6454 45
6455 68
6456 74
6457 2
6458 14
6459 19
6460 34
6461 31
6462 16
6463 15
6464 6
6465 55
6466 43
6467 14
6468 18
6469 34
6470 91
6471 84
6472 102
6473 225
6474 91
6475 220
6476 27
6477 69
6478 31
6479 13
6480 20
6481 20
6482 18
6483 28
6484 34
6485 25
6486 18
6487 29
6488 14
6489 24
6490 43
6491 26
6492 43
6493 30
6494 72
6495 51
6496 20
6497 25
6498 37
6499 35
6500 26
6501 12
6502 6
6503 12
6504 7
6505 24
6506 21
6507 31
6508 16
6509 22
6510 6
6511 13
6512 7
6513 11
6514 14
6515 24
6516 16
6517 26
6518 8
6519 11
6520 42
6521 10
6523 4
6524 19
6525 20
6526 11
6527 1
6528 6
6531 2
6534 1
6535 9
6536 1
6537 9
6538 26
6539 45
6540 6
6541 7
6542 5
6543 33
6544 28
6545 7
6546 29
6547 71
6548 25
6549 63
6550 90
6551 11
6552 25
6553 26
6554 77
6555 65
6556 59
6557 200
6558 73
6559 133
6560 83
6561 85
6562 32
6563 7
6564 2
6565 3
6566 2
6568 3
6569 1
6571 4
6572 4
6573 6
6574 3
6575 1
6576 1
6577 7
6578 1
6579 2
6580 2
6581 2
6582 6
6583 1
6585 3
6586 2
6588 6
6589 2
6590 18
6591 13
6592 55
6593 25
6594 19
6595 30
6596 24
6597 3
6598 2
6599 6
6600 7
6601 6
6602 1
6603 2
6604 2
6605 3
6606 2
6607 1
6608 11
6609 5
6610 6
6611 2
6612 1
6613 6
6614 5
6615 15
6616 6
6617 2
6618 9
6619 8
6620 2
6621 4
6623 5
6624 1
6625 6
6626 4
6627 2
6628 8
6629 3
6631 2
6632 6
6633 3
6634 4
6636 5
6637 1
6638 11
6639 1
6640 4
6641 6
6642 3
6643 9
6644 6
6645 5
6646 1
6647 14
6648 7
6649 1
6650 7
6651 9
6652 11
6653 8
6654 12
6655 20
6656 4
6657 6
6658 17
6659 7
6660 3
6661 2
6662 9
6663 1
6664 1
6665 6
6666 5
6667 4
6668 9
6670 4
6671 12
6672 17
6673 20
6674 8
6675 5
6676 7
6677 8
6678 8
6679 12
6680 56
6681 7
6682 13
6683 2
6684 7
6685 8
6686 2
6687 1
6688 1
6690 4
6691 6
6692 15
6693 4
6694 5
6695 4
6696 17
6697 8
6698 2
6699 7
6700 5
6702 2
6703 1
6705 3
6706 2
6707 3
6708 4
6709 2
6710 4
6711 4
6712 2
6713 3
6714 5
6715 1
6716 5
6717 1
6718 6
6719 4
6721 3
6722 5
6723 2
6724 2
6725 5
6726 39
6727 19
6728 68
6729 175
6730 18
6731 19
6732 13
6733 13
6734 5
6735 12
6736 7
6737 6
6738 1
6739 2
6740 14
6741 18
6742 2
6743 2
6744 6
6745 20
6746 10
6747 7
6748 20
6749 5
6750 4
6751 2
6752 8
6753 4
6754 1
6755 1
6756 6
6757 50
6758 3
6759 2
6760 3
6761 1
6762 3
6763 5
6764 9
6766 2
6767 11
6768 10
6769 2
6770 5
6771 1
6772 13
6773 2
6774 3
6775 9
6776 13
6777 9
6778 5
6779 8
6780 23
6781 25
6782 42
6783 8
6784 7
6785 12
6786 29
6787 73
6788 25
6789 14
6790 8
6791 47
6792 113
6793 38
6794 24
6795 15
6796 16
6797 4
6798 10
6799 16
6800 1235
6801 1977
6802 1924
6803 181
6804 247
6805 104
6806 33
6807 18
6808 42
6809 134
6810 155
6811 32
6812 49
6813 23
6814 15
6815 18
6816 20
6817 27
6818 7
6819 7
6820 5
6821 75
6822 20
6823 55
6824 6
6825 10
6826 1
6828 3
6829 126
6830 15
6831 67
6832 5
6834 1
6845 2
6846 2
6849 5
6852 2
6853 12
6908 1
6920 1
6921 1
6923 3
6925 1
6934 1
6951 1
6953 1
6954 1
6956 1
6970 1
6972 4
6974 1
6975 2
6976 3
6986 1
7003 3
7004 4
7008 1
7010 1
7012 7
7013 2
7014 2
7016 3
7017 1
7021 1
7024 1
7033 1
7036 2
7037 2
7038 1
7049 6
7051 1
7052 1
7056 4
7057 7
7058 1
7059 2
7060 2
7061 1
7063 3
7064 1
7066 1
7067 2
7070 3
7071 1
7072 1
7073 1
7074 5
7077 2
7079 1
7080 3
7082 1
7085 4
7086 1
7088 1
7090 3
7092 1
7093 1
7095 2
7100 3
7101 1
7105 3
7106 1
7107 1
7123 1
7132 1
7136 1
7138 3
7139 1
7145 1
7148 2
7151 1
7152 7
7153 4
7155 1
7158 2
7159 1
7162 1
7165 4
7168 5
7171 1
7172 1
7188 4
7201 1
7204 9
7209 2
7211 3
7212 1
7214 1
7215 5
7216 4
7217 1
7219 1
7220 1
7221 1
7228 1
7229 2
7230 2
7232 34
7233 35
7234 4
7235 2
7236 1
7240 2
7242 1
7245 2
7246 1
7247 1
7248 4
7251 1
7252 1
7254 1
7257 1
7260 1
7263 2
7264 4
7266 3
7267 1
7268 2
7269 3
7271 5
7272 7
7273 8
7274 1
7275 3
7276 1
7277 3
7278 4
7279 3
7280 1
7287 3
7288 1
7297 1
7298 1
7307 4
7314 2
7315 1
7317 1
7318 1
7320 1
7324 1
7334 1
7335 4
7336 1
7340 1
7348 1
7349 1
7354 1
7366 2
7367 1
7368 1
7370 2
7373 1
7374 4
7375 3
7376 1
7377 2
7381 1
7383 1
7387 2
7388 2
7389 2
7390 8
7391 2
7392 23
7395 1
7396 1
7398 1
7399 1
7401 1
7405 2
7406 2
7407 3
7408 2
7409 1
7411 8
7412 4
7413 2
7414 3
7415 3
7416 7
7417 10
7418 6
7419 4
7420 4
7421 11
7422 6
7423 8
7424 62
7427 4
7428 1
7429 1
7430 2
7431 3
7432 3
7433 2
7434 4
7435 2
7436 1
7437 3
7438 6
7439 9
7440 4
7442 3
7443 25
7444 2
7445 1
7446 1
7448 8
7449 1
7450 2
7451 9
7454 1
7455 2
7458 2
7462 1
7464 1
7469 1
7479 2
7481 1
7482 1
7484 1
7533 1
7803 1
7971 1
