2104 2150 0
3683 3752 0,4
2774 2846 0,72
2802 2858 0
922 1040 0
5601 5660 0,58
3914 3970 0
3719 3829 0,110
2179 2223 0,44
2084 2174 0
2597 2679 0,82
5686 5777 0,91
5687 5769 0
3330 3365 0
3122 3152 0
2971 3058 0
1693 1753 0,59
3632 3672 0
5323 5419 0
6259 6312 0
3122 3152 0
1143 1248 0
2774 2832 0
1852 1907 0
2781 2860 0,79
1539 1584 0
5326 5422 0,96
2997 3043 0
4657 4711 0
1420 1459 0
3802 3891 0
1167 1245 0
5965 6021 0
5879 5941 0
2183 2231 0
1152 1207 0,53
4603 4706 0
1852 1907 0
2324 2393 0
3142 3188 0
4659 4707 0,48
5286 5369 0,83
5878 5966 0,88
1420 1461 0
1914 1947 0
3038 3080 0
5685 5786 0,100
3409 3509 0
2188 2233 0
4071 4115 0
1946 1992 0
6285 6425 0
2775 2838 0
5755 5799 0
2781 2860 0,79
4664 4705 0
5315 5421 0
5323 5419 0
2050 2101 0
